   	        	                          fitness                          	              size              
   	        	-----------------------------------------------------------	--------------------------------
gen	time    	avg        	max        	min      	std        	avg    	max	min	std     
0  	0.508404	inf        	inf        	0.0437073	nan        	1.53821	4  	1  	0.698386
1  	0.495918	95.1485    	10653.8    	0.0437073	858.001    	1.5298 	4  	1  	0.688678
2  	0.506994	9.28727    	1041.08    	0.0437073	76.2047    	1.66337	4  	1  	0.761411
3  	0.502703	2.74123e+54	8.33333e+56	0.0437073	4.77163e+55	1.72039	5  	1  	0.856925
4  	0.512312	1.22533    	64.7437    	0.0437073	6.41877    	1.84262	5  	1  	0.906165
5  	0.539353	2.72331e+54	8.33333e+56	0.0430481	4.75606e+55	2.15033	6  	1  	0.97867 
6  	0.554524	inf        	inf        	0.0405398	nan        	2.36808	6  	1  	1.07292 
7  	0.572093	inf        	inf        	0.0405398	nan        	2.60714	6  	1  	1.19178 
8  	0.584853	inf        	inf        	0.0405346	nan        	2.88026	7  	1  	1.47094 
9  	0.609262	inf        	inf        	0.0405346	nan        	3.14516	9  	1  	1.62884 
10 	0.627676	28.9847    	5584.44    	0.0405346	362.786    	3.6045 	13 	1  	1.92158 
11 	0.677692	2.67094e+54	8.33333e+56	0.0405346	4.71025e+55	4.23397	11 	1  	2.16315 
12 	0.728288	3.19489e+57	1e+60      	0.0405346	5.6433e+58 	4.73163	12 	1  	2.42949 
13 	0.777342	5.30786e+54	1.66667e+57	0.0405346	9.39056e+55	5.46497	13 	1  	2.39832 
14 	0.804688	5.29101e+54	8.33333e+56	0.0405346	6.61905e+55	5.69206	16 	1  	2.75976 
15 	0.840693	1.94883    	493.684    	0.0405346	27.8448    	6.2057 	16 	1  	2.91961 
16 	0.841395	3.15457e+57	1e+60      	0.0405345	5.60769e+58	5.90852	19 	1  	3.07547 
17 	0.858261	inf        	inf        	0.0405345	nan        	5.9434 	17 	1  	2.99947 
18 	0.865247	1.88362    	209.168    	0.0405345	16.2631    	5.9185 	17 	1  	3.02854 
19 	0.914471	2.60417e+54	8.33333e+56	0.0405345	4.65119e+55	6.13438	18 	1  	3.51035 
20 	0.944335	1.36723    	115.501    	0.0405345	9.21803    	6.3271 	20 	1  	3.47338 
21 	0.918682	1.43948    	157.935    	0.0405345	12.2137    	6.0528 	23 	1  	3.30636 
22 	0.999495	2.57998e+54	8.33333e+56	0.0405345	4.62961e+55	6.4644 	23 	1  	3.47674 
23 	1.03367 	41.5284    	10920.4    	0.0405345	612.894    	7.16975	23 	1  	3.93922 
24 	1.06678 	2.5641e+54 	8.33333e+56	0.0405345	4.61538e+55	7.40615	25 	1  	4.27817 
25 	1.09721 	5.11247e+54	8.33333e+56	0.0405345	6.50712e+55	7.8865 	23 	1  	4.27749 
26 	1.15395 	5.09684e+54	8.33333e+56	0.0405345	6.49722e+55	8.25688	26 	1  	4.74629 
27 	1.22232 	1.01626e+55	1.66667e+57	0.0405345	1.1225e+56 	8.63415	31 	1  	5.22077 
28 	1.33733 	5.06586e+54	1.66667e+57	0.0405345	9.17466e+55	9.79331	31 	1  	5.56311 
29 	1.41325 	1.49056    	200.996    	0.0405345	14.2739    	10.4606	31 	1  	6.16048 
30 	1.59004 	1.47611    	260.32     	0.0405345	16.1586    	11.6193	33 	1  	6.97515 
31 	1.59132 	inf        	inf        	0.0405345	nan        	11.0904	33 	1  	6.96966 
32 	1.66819 	3.003e+57  	1e+60      	0.0405345	5.47173e+58	11.7207	33 	2  	7.03595 
33 	1.7675  	inf        	inf        	0.0405345	nan        	11.976 	32 	1  	7.18277 
34 	1.87608 	5.97015e+57	1e+60      	0.0405345	7.70357e+58	12.4328	33 	1  	7.37447 
35 	2.22012 	5.95238e+57	1e+60      	0.0405345	7.69217e+58	13.3542	33 	1  	7.58461 
36 	2.46445 	1.18694e+58	1e+60      	0.0405345	1.08298e+59	14.2374	34 	1  	7.8542  
37 	2.59495 	8.88067e+57	1e+60      	0.0405345	9.37917e+58	14.0503	33 	1  	7.39345 
38 	2.94999 	1.18019e+58	1e+60      	0.0405345	1.07982e+59	14.6932	33 	1  	7.76538 
39 	3.40062 	inf        	inf        	0.0405345	nan        	16.7353	34 	1  	8.30241 
40 	3.78588 	2.34653e+58	1e+60      	0.0405345	1.5136e+59 	18.3548	34 	1  	8.19521 
41 	4.21316 	1.46321e+58	1e+60      	0.0405345	1.20024e+59	19.6901	34 	3  	8.12928 
42 	4.27407 	1.45797e+58	1e+60      	0.0405345	1.19853e+59	19.863 	34 	2  	8.29917 
43 	4.42018 	1.16303e+58	1e+60      	0.0405345	1.07204e+59	20.4273	34 	1  	8.59627 
44 	4.83493 	2.60918e+58	1e+60      	0.0405345	1.59393e+59	21.7594	34 	3  	8.26816 
45 	4.93068 	inf        	inf        	0.0405345	nan        	22.1214	34 	1  	7.9243  
46 	5.26041 	2.01729e+58	1e+60      	0.0405345	1.40574e+59	23.2334	34 	1  	7.43504 
47 	5.37321 	2.01173e+58	1e+60      	0.0405345	1.40393e+59	23.5172	34 	3  	7.54962 
48 	5.76438 	1.43266e+58	1e+60      	0.0405345	1.18833e+59	24.3209	34 	2  	8.15994 
49 	6.5217  	1.71429e+58	1e+60      	0.0405345	1.29804e+59	25.98  	34 	1  	7.44021 
50 	6.80926 	5.70275e+57	1e+60      	0.0405345	7.52694e+58	26.4729	34 	4  	7.30989 
51 	7.14143 	1.70478e+58	1e+60      	0.0405345	1.2944e+59 	26.3665	34 	1  	6.93061 
52 	7.8424  	3.11615e+58	1e+60      	0.0405345	1.7374e+59 	27.7592	34 	5  	5.72963 
53 	7.8551  	8.4887e+57 	1e+60      	0.0405345	9.16654e+58	27.9011	34 	5  	5.82357 
54 	8.24299 	1.97324e+58	1e+60      	0.0405345	1.39029e+59	28.5211	34 	5  	5.68581 
55 	8.3771  	inf        	inf        	0.0405177	nan        	28.764 	34 	5  	5.53035 
56 	8.75968 	2.80275e+58	1e+60      	0.0405158	1.65002e+59	29.3557	34 	5  	4.78145 
57 	8.68076 	2.51513e+58	1e+60      	0.0405158	1.56518e+59	28.7374	34 	1  	6.11421 
58 	8.74178 	1.67177e+58	1e+60      	0.0405158	1.28194e+59	28.844 	34 	2  	5.28604 
59 	8.5265  	1.94537e+58	1e+60      	0.0405021	1.38063e+59	28.175 	34 	3  	6.18016 
60 	8.58257 	1.66297e+58	1e+60      	0.0405021	1.27825e+59	28.3102	34 	5  	6.26542 
61 	8.41941 	1.93531e+58	1e+60      	0.0404931	1.37704e+59	27.7652	34 	1  	6.55724 
62 	8.54786 	1.65473e+58	1e+60      	0.0404931	1.27478e+59	28.0992	34 	2  	6.28138 
63 	8.16585 	1.64927e+58	1e+60      	0.0404931	1.27324e+59	27.3626	34 	5  	7.13106 
64 	8.32212 	1.36986e+58	1e+60      	0.0404931	1.16197e+59	27.5151	34 	5  	6.75342 
65 	8.49656 	1.36658e+58	1e+60      	0.0404906	1.1606e+59 	27.6366	34 	5  	6.32815 
66 	8.9192  	1.63556e+58	1e+60      	0.0404906	1.26758e+59	27.1826	34 	2  	6.47586 
67 	9.41783 	1.08832e+58	1e+60      	0.0404906	1.03666e+59	26.7391	34 	1  	6.52315 
68 	10.7684 	1.62805e+58	1e+60      	0.0404906	1.26472e+59	26.7344	34 	5  	6.06111 
69 	11.9145 	2.97297e+58	1e+60      	0.0404853	1.69788e+59	27.3081	34 	5  	5.23008 
70 	12.6856 	inf        	inf        	0.0404602	nan        	26.6011	34 	2  	5.67468 
71 	12.9699 	3.76299e+58	1e+60      	0.0404456	1.90241e+59	26.6237	34 	2  	5.00734 
72 	13.0387 	1.6097e+58 	1e+60      	0.0404602	1.25751e+59	26.7265	34 	5  	5.09115 
73 	12.442  	1.87233e+58	1e+60      	0.04045  	1.35439e+59	26.8102	34 	5  	4.88628 
74 	12.5267 	2.39867e+58	1e+60      	0.0404497	1.52906e+59	27.288 	34 	2  	5.06725 
75 	12.8201 	2.12788e+58	1e+60      	0.0404497	1.44259e+59	27.4255	34 	5  	4.95724 
76 	12.4209 	1.06322e+58	1e+60      	0.0404497	1.02369e+59	26.9735	34 	1  	5.73086 
77 	11.8975 	1.85384e+58	1e+60      	0.0404448	1.34733e+59	26.8571	34 	1  	5.99874 
78 	11.706  	1.31948e+58	9.99167e+59	0.0404448	1.13945e+59	26.9947	34 	1  	6.14855 
79 	11.7286 	2.3693e+58 	1e+60      	0.0404448	1.52033e+59	27.7895	34 	5  	5.08847 
80 	11.567  	1.57524e+58	1e+60      	0.0404448	1.24411e+59	27.4514	34 	5  	5.73984 
81 	11.0217 	1.30912e+58	1e+60      	0.0404446	1.1356e+59 	27.3953	34 	5  	5.61116 
82 	10.6624 	inf        	inf        	0.0404446	nan        	27.0966	34 	4  	5.98637 
83 	10.3972 	1.04297e+58	1e+60      	0.0404446	1.01442e+59	26.9349	34 	4  	5.84197 
84 	9.80164 	1.03983e+58	9.99167e+59	0.0404446	1.0127e+59 	26.2701	34 	5  	5.88458 
85 	9.718   	1.55656e+58	1e+60      	0.0404446	1.23578e+59	26.1969	34 	5  	5.40558 
86 	9.39808 	1.55189e+58	1e+60      	0.040432 	1.23509e+59	25.6512	34 	3  	5.88167 
87 	9.90687 	1.03308e+58	1e+60      	0.040432 	1.00987e+59	26.0232	34 	5  	5.69201 
88 	9.82084 	1.54349e+58	1e+60      	0.0404298	1.23162e+59	26.7275	34 	5  	5.20211 
89 	9.80171 	inf        	inf        	0.0404297	nan        	26.4436	34 	2  	6.18855 
90 	9.87734 	1.53389e+58	1e+60      	0.0404297	1.22749e+59	26.5806	34 	4  	5.72722 
91 	9.90518 	7.65944e+57	1e+60      	0.0404281	8.70484e+58	26.3265	34 	2  	6.32419 
92 	10.4413 	2.2869e+58 	1e+60      	0.0404281	1.49337e+59	26.7481	34 	5  	5.34939 
93 	10.8633 	inf        	inf        	0.0404281	nan        	26.8477	34 	4  	5.89994 
94 	10.7106 	1.26646e+58	1e+60      	0.0404281	1.11718e+59	26.3696	34 	2  	5.96785 
95 	11.2902 	7.59891e+57	1e+60      	0.0404281	8.66096e+58	26.9419	34 	5  	5.62365 
96 	11.4391 	7.56507e+57	1e+60      	0.0404281	8.64783e+58	27.1738	34 	5  	5.69259 
97 	11.179  	1.25817e+58	1e+60      	0.0404281	1.11301e+59	26.7915	34 	2  	6.11894 
98 	11.133  	1.25334e+58	1e+60      	0.0404273	1.11089e+59	26.8847	34 	5  	5.88373 
99 	11.0622 	5.01458e+57	9.98333e+59	0.0404273	7.04147e+58	26.965 	34 	5  	5.60257 
100	10.8728 	3.2394e+58 	1e+60      	0.0404273	1.76857e+59	26.1397	34 	4  	5.96377 
101	11.031  	1.49316e+58	1e+60      	0.0404273	1.21117e+59	26.107 	34 	1  	6.40281 
102	11.0961 	1.24173e+58	1e+60      	0.0404273	1.10543e+59	26.6923	34 	1  	5.68962 
103	11.3767 	1.48618e+58	1e+60      	0.0404273	1.20872e+59	26.6708	34 	1  	5.98207 
104	11.2786 	1.23436e+58	1e+60      	0.0404273	1.10237e+59	26.5284	34 	5  	6.05834 
105	11.3694 	2.461e+58  	1e+60      	0.0404273	1.54801e+59	26.7118	34 	1  	5.9076  
106	11.3176 	9.86077e+57	1e+60      	0.0404272	9.85827e+58	26.5504	34 	5  	5.61516 
107	11.2109 	1.22529e+58	1e+60      	0.0404205	1.09818e+59	26.0882	34 	2  	6.0498  
108	11.4147 	2.20008e+58	1e+60      	0.0404069	1.46492e+59	26.0905	34 	1  	6.2416  
109	11.7112 	7.3252e+57 	9.99167e+59	0.0404032	8.50351e+58	26.0537	34 	5  	6.14873 
110	11.8489 	1.21594e+58	9.98333e+59	0.0404032	1.09366e+59	26.1265	34 	2  	6.28237 
111	11.9561 	9.72087e+57	1e+60      	0.040399 	9.79081e+58	26.4879	34 	1  	5.74223 
112	12.5217 	2.41969e+58	1e+60      	0.0403986	1.53437e+59	27.2639	34 	5  	5.11567 
113	12.9986 	inf        	inf        	0.0403985	nan        	27.6836	34 	1  	5.23218 
114	13.0427 	inf        	inf        	0.0403985	nan        	27.5759	34 	1  	5.40757 
115	12.8053 	9.61739e+57	1e+60      	0.0403983	9.74212e+58	27.1971	34 	1  	5.51088 
116	13.2664 	inf        	inf        	0.0403983	nan        	27.518 	34 	5  	5.20886 
117	13.1536 	1.4372e+58 	1e+60      	0.040397 	1.18776e+59	27.4737	34 	5  	5.48164 
118	13.7293 	2.14519e+58	9.99167e+59	0.040397 	1.44584e+59	27.9714	34 	5  	4.73691 
119	13.538  	1.19008e+58	9.98333e+59	0.0403977	1.08202e+59	27.6548	34 	1  	5.51857 
120	13.8604 	1.19022e+58	1e+60      	0.0403977	1.08145e+59	27.9382	34 	2  	5.15286 
121	14.2477 	9.52212e+57	1e+60      	0.0403977	9.67904e+58	28.4218	34 	5  	4.72788 
122	14.1136 	9.46217e+57	1e+60      	0.0403972	9.65786e+58	27.9527	34 	5  	5.43586 
123	14.0083 	1.18003e+58	1e+60      	0.0403972	1.07786e+59	27.8467	34 	5  	5.42205 
124	14.2626 	9.42549e+57	1e+60      	0.0403972	9.63525e+58	27.8494	34 	2  	5.43288 
125	14.7042 	1.40884e+58	1e+60      	0.0403972	1.17574e+59	28.6221	34 	5  	4.55538 
126	14.9421 	1.4032e+58 	1e+60      	0.040397 	1.17441e+59	28.6838	34 	2  	5.24445 
127	15.2223 	9.35748e+57	9.975e+59  	0.040397 	9.59165e+58	28.785 	34 	5  	5.34296 
128	15.3    	1.16725e+58	1e+60      	0.040397 	1.07199e+59	29.1282	34 	5  	5.00115 
129	15.034  	9.31008e+57	1e+60      	0.040397 	9.5837e+58 	28.5791	34 	1  	6.22239 
130	15.3911 	1.85383e+58	1e+60      	0.040397 	1.34644e+59	29.2807	34 	5  	5.44601 
131	16.0255 	1.38985e+58	1e+60      	0.040397 	1.16782e+59	29.963 	34 	5  	4.65311 
132	15.83   	inf        	inf        	0.040397 	nan        	29.7021	34 	5  	5.67572 
133	16.0013 	2.30261e+58	1e+60      	0.040397 	1.49692e+59	29.9147	34 	2  	4.87064 
134	15.9785 	1.83889e+58	1e+60      	0.0403969	1.34118e+59	29.931 	34 	4  	4.84327 
135	15.9749 	1.14813e+58	1e+60      	0.0403968	1.06202e+59	29.945 	34 	1  	4.75179 
136	15.7218 	1.14512e+58	1e+60      	0.0403968	1.0619e+59 	29.4645	34 	5  	5.21981 
137	15.5782 	inf        	inf        	0.0403968	nan        	28.8174	34 	1  	6.1606  
138	16.2052 	1.82194e+58	1e+60      	0.0403968	1.33532e+59	29.4966	34 	1  	5.28929 
139	16.4849 	1.13561e+58	1e+60      	0.0403968	1.05708e+59	29.7773	34 	5  	4.90087 
140	15.875  	inf        	inf        	0.0403968	nan        	29.4671	34 	5  	5.11584 
141	16.0981 	9.07051e+57	1e+60      	0.0403968	9.45777e+58	29.819 	34 	5  	4.40884 
142	16.1705 	9.03311e+57	1e+60      	0.0403968	9.43741e+58	29.623 	34 	5  	4.91693 
143	16.0046 	2.02477e+58	1e+60      	0.0403968	1.40527e+59	29.4482	34 	4  	5.14471 
144	16.3662 	1.57191e+58	1e+60      	0.0403968	1.24206e+59	29.4921	34 	1  	5.08605 
145	16.4833 	6.76383e+57	1e+60      	0.0403968	8.1736e+58 	29.7265	34 	5  	4.38573 
146	16.3644 	1.56506e+58	1e+60      	0.0403968	1.23857e+59	29.4855	34 	5  	4.7127  
147	16.377  	8.92113e+57	1e+60      	0.0403968	9.3832e+58 	29.2545	34 	4  	5.22464 
148	16.4073 	3.11526e+58	1e+60      	0.0403968	1.73479e+59	29.7528	34 	5  	3.8     
149	16.644  	1.555e+58  	1e+60      	0.0403968	1.2348e+59 	29.5889	34 	1  	4.1976  
150	16.8172 	6.67221e+57	1e+60      	0.0403968	8.11043e+58	29.2949	34 	2  	4.39254 
151	16.6913 	1.54794e+58	1e+60      	0.0403967	1.23256e+59	29.0398	34 	2  	4.58723 
152	17.342  	1.99025e+58	1e+60      	0.0403967	1.39396e+59	29.3709	34 	5  	4.14731 
153	17.7148 	inf        	inf        	0.0403967	nan        	29.3921	34 	1  	4.62521 
154	17.7408 	2.19908e+58	1e+60      	0.0403967	1.46398e+59	29.1495	34 	1  	5.31964 
155	18.4413 	1.53344e+58	1e+60      	0.0403967	1.22634e+59	29.6776	34 	1  	5.22595 
156	19.3983 	4.74106e+55	2.5e+57    	0.0403967	2.65879e+56	30.1794	34 	3  	4.26458 
157	19.3913 	inf        	inf        	0.0403967	nan        	29.917 	34 	1  	5.52423 
158	20.8169 	1.09622e+58	1e+60      	0.0403967	1.03724e+59	30.7647	34 	4  	4.09596 
159	22.1456 	1.74203e+58	1e+60      	0.0403967	1.30541e+59	31.1696	34 	5  	3.87095 
160	22.5252 	2.38539e+58	1e+60      	0.0403967	1.52369e+59	31.282 	34 	5  	4.52166 
161	23.8145 	1.08514e+58	1e+60      	0.0403967	1.03429e+59	31.8203	34 	1  	3.90362 
162	24.4625 	inf        	inf        	0.0403925	nan        	32.013 	34 	1  	4.29976 
163	25.6642 	6.47989e+57	1e+60      	0.0403924	8.00576e+58	32.3642	34 	1  	3.76733 
164	26.2717 	1.7233e+58 	1e+60      	0.0403923	1.29918e+59	32.7806	34 	1  	3.33622 
165	26.6398 	4.32046e+57	1e+60      	0.0403923	6.52607e+58	33.0322	34 	5  	2.89906 
166	26.6607 	1.28712e+58	1e+60      	0.0403903	1.12505e+59	32.9914	34 	5  	3.33625 
167	26.7542 	inf        	inf        	0.0403903	nan        	33.0214	34 	5  	3.10561 
168	26.4397 	1.70736e+58	1e+60      	0.0403903	1.29251e+59	32.4904	34 	5  	4.40808 
169	26.225  	2.125e+58  	1e+60      	0.0403896	1.44039e+59	32.7106	34 	5  	3.3226  
170	26.1039 	1.91207e+58	1e+60      	0.0403896	1.36723e+59	32.6391	34 	5  	3.46123 
171	26.3163 	1.27295e+58	1e+60      	0.0403896	1.1179e+59 	32.5403	34 	5  	3.93895 
172	27.2278 	1.26973e+58	1e+60      	0.0403895	1.11721e+59	32.649 	34 	5  	3.36495 
173	27.9361 	2.11006e+58	1e+60      	0.0403895	1.43536e+59	32.5042	34 	5  	3.5645  
174	28.774  	inf        	inf        	0.0403815	nan        	32.4926	34 	3  	3.82367 
175	28.7484 	1.47444e+58	1e+60      	0.0403894	1.2031e+59 	32.4727	34 	3  	4.15929 
176	29.0387 	2.09906e+58	1e+60      	0.0403894	1.43067e+59	32.4486	34 	2  	4.33019 
177	29.7911 	1.6766e+58 	1e+60      	0.0403894	1.28143e+59	32.8724	34 	4  	2.47887 
178	29.5357 	1.88065e+58	1e+60      	0.0403894	1.3556e+59 	32.357 	34 	5  	3.83151 
179	29.2285 	2.08385e+58	1e+60      	0.0403873	1.42631e+59	32.1812	34 	5  	3.8862  
180	29.5583 	1.24775e+58	1e+60      	0.0403873	1.1077e+59 	32.2204	34 	3  	3.71675 
181	29.9859 	1.24775e+58	1e+60      	0.0403873	1.10607e+59	32.1929	34 	1  	3.74195 
182	29.9151 	inf        	inf        	0.0403873	nan        	32.2112	34 	5  	3.68772 
183	30.6241 	1.44835e+58	1e+60      	0.0403873	1.19285e+59	32.6983	34 	5  	2.87047 
184	30.0023 	inf        	inf        	0.0403846	nan        	32.3361	34 	2  	3.68116 
185	29.8959 	2.26235e+58	1e+60      	0.0403846	1.48412e+59	32.4815	34 	5  	3.11618 
186	29.4214 	2.05578e+58	1e+60      	0.0403843	1.41658e+59	32.3655	34 	5  	3.47799 
187	29.0217 	1.43374e+58	1e+60      	0.0403843	1.18634e+59	32.0902	34 	1  	4.34101 
188	28.5257 	1.22819e+58	1e+60      	0.0403843	1.09979e+59	32.3763	34 	5  	3.78965 
189	27.7187 	1.02228e+58	1e+60      	0.0403843	1.0026e+59 	32.1796	34 	5  	4.09883 
190	27.2232 	inf        	inf        	0.0403826	nan        	32.1955	34 	1  	4.11575 
191	26.0046 	1.22002e+58	1e+60      	0.0403826	1.09524e+59	31.5081	34 	1  	5.47778 
192	25.5159 	8.11697e+57	1e+60      	0.0403826	8.94832e+58	31.7181	34 	5  	3.84006 
193	24.862  	1.01366e+58	1e+60      	0.0403814	9.99253e+58	31.3016	34 	5  	3.9383  
194	25.1297 	inf        	inf        	0.0403805	nan        	31.4202	34 	1  	3.58521 
195	24.7217 	1.81704e+58	1e+60      	0.0403784	1.33297e+59	31.123 	34 	5  	4.30901 
196	25.2562 	1.60915e+58	1e+60      	0.0403784	1.25582e+59	31.1791	34 	5  	3.99372 
197	25.9776 	inf        	inf        	0.0403784	nan        	31.4538	34 	4  	4.22733 
198	26.571  	8.02939e+57	1e+60      	0.0403775	8.89847e+58	31.6934	34 	5  	3.52605 
199	26.3469 	1.4005e+58 	1e+60      	0.0403775	1.17192e+59	31.562 	34 	5  	3.98524 
200	26.9738 	inf        	inf        	0.040377 	nan        	31.7465	34 	5  	3.97216 
201	27.2966 	inf        	inf        	0.040377 	nan        	31.5618	34 	5  	3.20594 
202	27.341  	inf        	inf        	0.0403647	nan        	31.3121	34 	4  	4.31005 
203	27.903  	5.96892e+57	1e+60      	0.0403647	7.66631e+58	31.6349	34 	2  	3.69921 
204	27.4674 	7.93234e+57	1e+60      	0.0403642	8.85333e+58	31.4119	34 	1  	4.37462 
205	28.5702 	1.18495e+58	1e+60      	0.0403642	1.07943e+59	32.0435	34 	5  	3.22019 
206	29.3929 	9.857e+57  	1e+60      	0.0403638	9.84181e+58	32.2367	34 	4  	3.32215 
207	29.9225 	1.57136e+58	9.95833e+59	0.0403638	1.23911e+59	32.2972	34 	1  	3.83059 
208	30.3495 	1.37492e+58	1e+60      	0.040349 	1.16125e+59	32.5599	34 	5  	3.41309 
209	30.4479 	inf        	inf        	0.040349 	nan        	32.5255	34 	5  	3.78521 
210	30.7387 	inf        	inf        	0.0403488	nan        	32.6184	34 	5  	3.65717 
211	31.5831 	1.1722e+58 	1e+60      	0.0403349	1.0736e+59 	32.8535	34 	5  	3.44828 
212	31.5587 	1.17219e+58	1e+60      	0.0403349	1.0733e+59 	33.0019	34 	2  	3.62926 
213	31.3152 	3.91537e+57	9.95e+59   	0.0403348	6.19434e+58	32.7471	34 	2  	4.49278 
214	31.9508 	9.71845e+57	1e+60      	0.0403347	9.78219e+58	33.3553	34 	5  	2.46528 
215	32.5522 	7.74548e+57	1e+60      	0.0403347	8.7391e+58 	33.3547	34 	5  	2.87939 
216	32.3097 	1.1628e+58 	1e+60      	0.0403347	1.06904e+59	33.1335	34 	2  	3.83403 
217	32.1798 	9.67021e+57	1e+60      	0.0403318	9.75403e+58	32.9749	34 	1  	4.17028 
218	32.5771 	7.71034e+57	1e+60      	0.0403294	8.71945e+58	33.2909	34 	5  	3.03196 
219	31.8507 	1.53942e+58	1e+60      	0.0403294	1.2279e+59 	33.3077	34 	5  	2.36918 
220	32.0806 	3.89475e+57	1e+60      	0.0403294	6.17586e+58	33.1401	34 	5  	3.21249 
221	32.4627 	7.67082e+57	1e+60      	0.0403294	8.69452e+58	33.1992	34 	5  	3.34918 
222	32.2395 	inf        	inf        	0.0403288	nan        	32.9904	34 	2  	4.08629 
223	32.1717 	1.14297e+58	1e+60      	0.0403279	1.05887e+59	33.2767	34 	5  	2.4074  
224	31.6272 	9.54603e+57	1e+60      	0.0403286	9.69265e+58	33.0762	34 	5  	3.52162 
225	31.2616 	7.61407e+57	9.96667e+59	0.0403286	8.64522e+58	32.9544	34 	2  	3.7793  
226	31.8611 	1.14073e+58	1e+60      	0.0403284	1.05673e+59	33.1822	34 	5  	3.10552 
227	32.5559 	9.45076e+57	9.96667e+59	0.0403284	9.638e+58  	33.2879	34 	5  	2.71717 
228	32.3789 	5.70416e+57	1e+60      	0.0403284	7.48185e+58	33.0964	34 	5  	3.43508 
229	33.0706 	1.93396e+57	1e+60      	0.0403283	4.33953e+58	33.1925	34 	5  	3.53109 
230	32.9652 	9.39736e+57	1e+60      	0.040328 	9.62402e+58	33.2618	34 	2  	3.38675 
231	32.9893 	3.80326e+57	1e+60      	0.040328 	6.11965e+58	33.2895	34 	5  	3.03037 
232	32.5918 	inf        	inf        	0.040328 	nan        	33.1426	34 	1  	3.67415 
233	32.6017 	1.31429e+58	1e+60      	0.040328 	1.13449e+59	33.2846	34 	5  	2.94924 
234	32.8854 	1.30498e+58	9.96667e+59	0.040328 	1.13036e+59	33.2206	34 	5  	3.28177 
235	33.611  	5.62966e+57	1e+60      	0.0403279	7.4456e+58 	33.3507	34 	1  	3.00437 
236	33.0943 	3.73836e+57	1e+60      	0.0403279	6.07608e+58	32.9479	34 	2  	4.45682 
237	33.7111 	7.43804e+57	1e+60      	0.0403279	8.56529e+58	32.9721	34 	5  	4.07061 
238	33.9251 	inf        	inf        	0.0403278	nan        	33.1929	34 	5  	3.49713 
239	34.189  	9.24846e+57	9.95833e+59	0.0403278	9.52643e+58	33.1944	34 	5  	3.51678 
240	33.9134 	9.22058e+57	9.95e+59   	0.0403278	9.51458e+58	33.0407	34 	1  	3.99702 
241	34.1219 	3.70849e+57	1e+60      	0.0403278	6.04554e+58	33.3192	34 	5  	3.11637 
242	34.325  	9.22498e+57	1e+60      	0.0403278	9.52097e+58	33.3941	34 	2  	3.05435 
243	34.4435 	inf        	inf        	0.0403278	nan        	33.375 	34 	5  	3.10108 
244	34.532  	inf        	inf        	0.0403278	nan        	33.6569	34 	20 	1.51859 
245	33.8191 	5.50214e+57	1e+60      	0.0403278	7.36732e+58	32.9121	34 	1  	4.41189 
246	34.3445 	3.6883e+57 	1e+60      	0.0403278	6.0179e+58 	33.1792	34 	5  	3.37169 
247	33.83   	3.68309e+57	9.95e+59   	0.0403278	5.99727e+58	33.0274	34 	4  	3.46162 
248	34.4068 	3.66879e+57	1e+60      	0.0403278	6.02459e+58	33.1348	34 	5  	3.5825  
249	34.7941 	3.65303e+57	9.94167e+59	0.0403278	5.98396e+58	33.3582	34 	5  	2.61758 
250	34.265  	9.08802e+57	1e+60      	0.0403278	9.45548e+58	33.1143	34 	5  	3.63682 
251	35.136  	5.44082e+57	1e+60      	0.0403258	7.3233e+58 	33.3134	34 	1  	3.4862  
252	35.2818 	7.2393e+57 	1e+60      	0.0403258	8.44916e+58	33.3816	34 	5  	2.94448 
253	34.8426 	7.23827e+57	1e+60      	0.0403258	8.45746e+58	33.3141	34 	5  	3.10739 
254	35.1943 	inf        	inf        	0.0403258	nan        	33.245 	34 	1  	3.86359 
255	35.2046 	1.61571e+58	1e+60      	0.0403253	1.257e+59  	33.3147	34 	3  	3.12276 
256	34.701  	9.00209e+57	1e+60      	0.0403253	9.40953e+58	33.1077	34 	5  	3.70684 
257	34.8201 	5.40173e+57	1e+60      	0.0403236	7.29003e+58	33.2796	34 	5  	3.05223 
258	35.0438 	3.57633e+57	9.96667e+59	0.0403235	5.94583e+58	33.2379	34 	2  	3.63627 
259	34.958  	5.35863e+57	1e+60      	0.0403235	7.27315e+58	33.0804	34 	2  	4.09167 
260	34.8048 	8.93642e+57	1e+60      	0.0403235	9.38728e+58	33.1943	34 	5  	3.49479 
261	34.8583 	8.90866e+57	1e+60      	0.0403235	9.35861e+58	33.1833	34 	5  	3.58926 
262	35.3943 	5.31972e+57	9.95e+59   	0.0403235	7.23967e+58	33.1119	34 	5  	3.87183 
263	35.0931 	1.06634e+58	1e+60      	0.0403235	1.02288e+59	33.2252	34 	5  	3.25468 
264	35.8896 	8.85546e+57	1e+60      	0.0403235	9.334e+58  	33.3628	34 	5  	2.8807  
265	35.8742 	3.57627e+57	1e+60      	0.0403235	5.91634e+58	33.371 	34 	5  	2.7325  
266	35.7735 	8.83451e+57	1e+60      	0.0403077	9.32702e+58	33.1869	34 	1  	3.62487 
267	35.9918 	1.23181e+58	1e+60      	0.0403077	1.09916e+59	32.963 	34 	2  	4.35894 
268	35.9423 	1.23067e+58	1e+60      	0.0403077	1.09953e+59	32.9578	34 	4  	4.33707 
269	36.6425 	1.57895e+58	1e+60      	0.0403066	1.2425e+59 	33.1877	34 	1  	3.6363  
270	36.9341 	5.28605e+57	1e+60      	0.0403066	7.22915e+58	33.1191	34 	1  	3.87861 
271	38.4202 	8.75583e+57	1e+60      	0.0403066	9.28654e+58	33.3654	34 	5  	3.1196  
272	38.3162 	1.04581e+58	1e+60      	0.0403063	1.01279e+59	33.0332	34 	3  	4.19431 
273	39.1862 	6.96864e+57	1e+60      	0.0403063	8.29258e+58	33.4582	34 	5  	2.37748 
274	38.8072 	inf        	inf        	0.0403063	nan        	33.1583	34 	3  	3.73854 
275	39.4552 	inf        	inf        	0.0403063	nan        	33.3611	34 	5  	2.53273 
276	40.9839 	1.7591e+57 	1e+60      	0.0403061	4.15938e+58	33.4662	34 	1  	2.89372 
277	41.6532 	8.66926e+57	1e+60      	0.0403061	9.22616e+58	33.5311	34 	5  	2.72561 
278	40.5677 	5.20869e+57	1e+60      	0.0403056	7.16329e+58	33.1796	34 	5  	3.89839 
279	40.9639 	1.37629e+58	1e+60      	0.0403056	1.16069e+59	33.2621	34 	5  	3.7417  
280	40.6149 	5.1965e+57 	1e+60      	0.0403005	7.153e+58  	33.4819	34 	2  	2.86923 
281	40.1552 	1.20404e+58	1e+60      	0.0403005	1.08758e+59	33.1478	34 	2  	4.1142  
282	40.5832 	1.20011e+58	1e+60      	0.0403005	1.08746e+59	33.2419	34 	5  	3.87296 
283	41.2049 	8.56735e+57	1e+60      	0.0403005	9.1776e+58 	33.5651	34 	5  	2.4577  
284	41.2246 	1.0255e+58 	1e+60      	0.0403005	1.00415e+59	33.2769	34 	5  	3.79319 
285	40.4551 	3.45421e+57	1e+60      	0.0403005	5.8319e+58 	33.2065	34 	4  	4.06055 
286	40.4106 	1.19151e+58	1e+60      	0.0403005	1.08145e+59	33.3032	34 	2  	3.50566 
287	41.4188 	6.83532e+57	1e+60      	0.0403005	8.20232e+58	33.2806	34 	4  	4.02811 
288	41.8316 	8.48189e+57	1e+60      	0.0337503	9.14057e+58	33.5195	34 	5  	3.04996 
289	41.7296 	inf        	inf        	0.0337503	nan        	33.0831	34 	5  	4.53628 
290	41.6    	1.51847e+58	1e+60      	0.0337503	1.21948e+59	33.3621	34 	5  	3.62929 
291	41.4611 	5.04927e+57	9.93333e+59	0.0337503	7.05319e+58	33.2753	34 	5  	3.73264 
292	41.8301 	1.35146e+58	1e+60      	0.0337503	1.15227e+59	33.2057	34 	2  	4.1739  
293	41.1547 	1.01221e+58	1e+60      	0.0337503	9.98671e+58	33.1582	34 	1  	4.29021 
294	40.6576 	inf        	inf        	0.0337503	nan        	33.2319	34 	5  	3.96963 
295	40.8139 	3.38367e+57	1e+60      	0.0337503	5.7637e+58 	33.0772	34 	1  	4.26049 
296	40.6451 	inf        	inf        	0.0337503	nan        	32.9799	34 	5  	4.49935 
297	40.9773 	8.35842e+57	1e+60      	0.0337503	9.0675e+58 	32.9599	34 	5  	4.67381 
298	41.3519 	8.35977e+57	1e+60      	0.0337503	9.07362e+58	33.0067	34 	2  	4.5167  
299	41.6208 	6.66111e+57	9.98333e+59	0.0337503	8.09172e+58	33.2633	34 	5  	3.74887 